0 0.2834699453551913 0.2370218579234973 0.06420765027322407 0.06693989071038249
0 0.38729508196721313 0.23497267759562845 0.06693989071038253 0.06557377049180328
0 0.385928961748634 0.33606557377049184 0.0642076502732241 0.07103825136612027
0 0.2834699453551913 0.3381147540983608 0.06420765027322403 0.06967213114754102
0 0.28415300546448097 0.4392076502732241 0.07103825136612027 0.07786885245901644
0 0.2807377049180328 0.5396174863387979 0.06693989071038256 0.06830601092896174
0 0.38934426229508207 0.5423497267759564 0.06557377049180331 0.07650273224043723
0 0.38661202185792365 0.4385245901639345 0.06284153005464482 0.06557377049180324
0 0.5355191256830603 0.43579234972677605 0.06557377049180324 0.06830601092896174
0 0.635928961748634 0.43579234972677605 0.07513661202185794 0.06830601092896174
0 0.6379781420765027 0.33333333333333337 0.07377049180327865 0.0710382513661202
0 0.5362021857923498 0.34016393442622955 0.06420765027322403 0.06830601092896181
