0 0.34494535519125685 0.3565573770491804 0.07240437158469945 0.06557377049180324
0 0.44125683060109294 0.35724043715846987 0.06557377049180324 0.0642076502732241
0 0.33469945355191255 0.4508196721311475 0.06557377049180328 0.06010928961748625
0 0.43101092896174864 0.4521857923497268 0.06967213114754102 0.06557377049180324
0 0.5662568306010929 0.44808743169398907 0.07240437158469931 0.06830601092896174
0 0.6680327868852458 0.45423497267759566 0.06830601092896174 0.06693989071038246
0 0.6687158469945355 0.5437158469945355 0.06693989071038253 0.06284153005464489
0 0.5737704918032788 0.5423497267759562 0.06010928961748632 0.06284153005464489
0 0.4323770491803279 0.5450819672131147 0.058743169398907114 0.06284153005464482
0 0.33469945355191255 0.5437158469945355 0.06830601092896174 0.06830601092896181
0 0.33469945355191255 0.6400273224043715 0.06557377049180328 0.06693989071038253
0 0.4323770491803279 0.6393442622950819 0.06967213114754102 0.06010928961748647
