0 0.29508196721311475 0.22199453551912568 0.06010928961748625 0.06147540983606557
0 0.39139344262295084 0.22336065573770492 0.06147540983606561 0.06147540983606557
0 0.29371584699453557 0.31967213114754095 0.060109289617486364 0.05737704918032786
0 0.39412568306010926 0.3203551912568306 0.06420765027322396 0.06147540983606561
0 0.5416666666666666 0.3203551912568306 0.06420765027322403 0.06147540983606561
0 0.6352459016393442 0.3176229508196721 0.06557377049180331 0.06967213114754099
0 0.6352459016393442 0.4146174863387978 0.05737704918032783 0.06967213114754102
0 0.537568306010929 0.41803278688524587 0.0642076502732241 0.06557377049180324
0 0.39412568306010926 0.41803278688524587 0.058743169398907114 0.0601092896174864
0 0.2950819672131148 0.4187158469945355 0.05464480874316937 0.058743169398907114
0 0.2930327868852459 0.5150273224043715 0.06147540983606561 0.0601092896174864
0 0.39549180327868855 0.5157103825136612 0.06420765027322403 0.06147540983606568
