0 0.32103825136612024 0.22882513661202186 0.06557377049180331 0.06147540983606561
0 0.4241803278688525 0.2342896174863388 0.0642076502732241 0.06420765027322403
0 0.3237704918032787 0.32513661202185795 0.0601092896174864 0.060109289617486364
0 0.421448087431694 0.3271857923497268 0.06420765027322403 0.06420765027322407
0 0.5635245901639344 0.3244535519125683 0.06967213114754102 0.06147540983606561
0 0.6653005464480874 0.33196721311475413 0.07377049180327866 0.06284153005464482
0 0.6680327868852458 0.4289617486338798 0.06830601092896174 0.07103825136612024
0 0.5669398907103824 0.4255464480874317 0.07103825136612016 0.06967213114754102
0 0.42554644808743186 0.42486338797814205 0.0724043715846997 0.07103825136612014
0 0.3224043715846994 0.4228142076502732 0.06557377049180331 0.07240437158469945
0 0.3210382513661202 0.5211748633879781 0.07103825136612024 0.07240437158469945
0 0.4228142076502732 0.5245901639344263 0.06967213114754102 0.07103825136612024
