0 0.28756830601092903 0.23907103825136616 0.06420765027322407 0.06557377049180328
0 0.385928961748634 0.23907103825136616 0.06147540983606554 0.06557377049180328
0 0.28961748633879786 0.3367486338797815 0.06830601092896174 0.06693989071038249
0 0.38934426229508207 0.334016393442623 0.06830601092896174 0.06693989071038256
0 0.534153005464481 0.33606557377049184 0.06830601092896167 0.06284153005464482
0 0.6290983606557379 0.3353825136612023 0.06147540983606554 0.06420765027322407
0 0.6284153005464481 0.4310109289617487 0.06557377049180317 0.06967213114754102
0 0.5327868852459017 0.4344262295081968 0.06557377049180317 0.07103825136612024
0 0.3845628415300547 0.43032786885245883 0.06967213114754109 0.07103825136612019
0 0.2882513661202186 0.42827868852459017 0.0710382513661202 0.07513661202185794
0 0.38729508196721313 0.5273224043715848 0.06693989071038253 0.07103825136612016
0 0.29030054644808745 0.5286885245901639 0.06420765027322396 0.06830601092896181
