0 0.2896174863387978 0.22131147540983606 0.06557377049180328 0.060109289617486364
0 0.39002732240437155 0.2226775956284153 0.058743169398907114 0.06010928961748632
0 0.2889344262295082 0.3183060109289617 0.06147540983606561 0.06557377049180331
0 0.39002732240437155 0.3176229508196721 0.07240437158469938 0.06147540983606557
0 0.5341530054644809 0.3176229508196721 0.06830601092896174 0.0642076502732241
0 0.6311475409836066 0.3183060109289617 0.06010928961748632 0.06284153005464485
0 0.6318306010928961 0.41393442622950816 0.06420765027322396 0.06557377049180324
0 0.5348360655737704 0.4159836065573771 0.07240437158469938 0.06693989071038253
0 0.3893442622950819 0.4125683060109289 0.06557377049180324 0.06830601092896174
0 0.29030054644808745 0.41666666666666674 0.07240437158469945 0.07103825136612024
0 0.2896174863387978 0.5143442622950819 0.06557377049180328 0.07240437158469952
0 0.39139344262295084 0.5136612021857924 0.07240437158469945 0.07650273224043716
