0 0.33469945355191255 0.3422131147540983 0.06830601092896181 0.06147540983606554
0 0.4357923497267759 0.3428961748633879 0.06010928961748632 0.06010928961748632
0 0.32445355191256825 0.44330601092896166 0.06420765027322403 0.06420765027322403
0 0.42486338797814194 0.44125683060109283 0.07103825136612035 0.07103825136612016
0 0.5710382513661202 0.44125683060109283 0.0737704918032788 0.06557377049180324
0 0.6714480874316939 0.43920765027322406 0.06420765027322389 0.06967213114754095
0 0.6721311475409836 0.53551912568306 0.06284153005464475 0.0601092896174864
0 0.5724043715846994 0.5389344262295082 0.06830601092896174 0.058743169398907114
0 0.42827868852459006 0.5375683060109289 0.06693989071038253 0.06420765027322403
0 0.3278688524590163 0.5389344262295082 0.06557377049180324 0.06693989071038253
0 0.3299180327868852 0.6379781420765026 0.058743169398907114 0.06557377049180324
0 0.42964480874316935 0.6366120218579234 0.06147540983606561 0.06010928961748632
