0 0.28415300546448086 0.22814207650273224 0.060109289617486364 0.06284153005464482
0 0.3831967213114754 0.2274590163934426 0.058743169398907114 0.06147540983606557
0 0.2848360655737705 0.3244535519125683 0.06693989071038253 0.06420765027322403
0 0.38524590163934425 0.3224043715846994 0.06010928961748632 0.06557377049180331
0 0.5314207650273224 0.3258196721311475 0.06557377049180324 0.06693989071038253
0 0.6284153005464481 0.3244535519125683 0.06830601092896174 0.06693989071038256
0 0.6270491803278688 0.4173497267759563 0.06284153005464475 0.06967213114754102
0 0.526639344262295 0.421448087431694 0.05601092896174855 0.07240437158469945
0 0.38524590163934425 0.4221311475409836 0.06830601092896174 0.06284153005464482
0 0.28415300546448086 0.4228142076502732 0.06557377049180328 0.06967213114754102
0 0.28346994535519127 0.5204918032786885 0.06967213114754102 0.06830601092896167
0 0.3825136612021858 0.5191256830601092 0.0601092896174864 0.06557377049180324
