0 0.31079234972677594 0.23633879781420766 0.06967213114754099 0.0737704918032787
0 0.41461748633879786 0.23975409836065575 0.06967213114754102 0.07786885245901637
0 0.31625683060109294 0.33879781420765037 0.07240437158469948 0.06557377049180331
0 0.41666666666666674 0.3428961748633881 0.07103825136612031 0.0710382513661202
0 0.5642076502732238 0.3374316939890711 0.07103825136612009 0.06830601092896176
0 0.6659836065573772 0.3408469945355192 0.07240437158469952 0.06967213114754102
0 0.6618852459016396 0.4378415300546448 0.06967213114754091 0.06967213114754091
0 0.5628415300546449 0.4351092896174864 0.06557377049180331 0.06420765027322403
0 0.41871584699453557 0.44125683060109294 0.07240437158469945 0.06557377049180331
0 0.3155737704918033 0.44125683060109294 0.07650273224043716 0.06557377049180331
0 0.31352459016393447 0.5382513661202186 0.06967213114754102 0.07103825136612024
0 0.41461748633879786 0.5382513661202186 0.07240437158469945 0.06830601092896181
