0 0.3189890710382513 0.22540983606557372 0.06147540983606561 0.05737704918032783
0 0.4187158469945355 0.22677595628415298 0.06147540983606554 0.06010928961748632
0 0.31830601092896166 0.3224043715846994 0.06557377049180328 0.06284153005464482
0 0.42144808743169393 0.3258196721311475 0.06147540983606561 0.06420765027322407
0 0.568989071038251 0.32172131147540983 0.06420765027322405 0.06420765027322402
0 0.6700819672131146 0.32855191256830596 0.06147540983606577 0.06420765027322409
0 0.323087431693989 0.42759562841530047 0.06693989071038249 0.06010928961748632
0 0.4187158469945355 0.4282786885245901 0.0642076502732241 0.06147540983606561
0 0.5676229508196721 0.41803278688524587 0.06967213114754095 0.06284153005464482
0 0.6680327868852458 0.42349726775956276 0.06830601092896167 0.057377049180327905
0 0.3189890710382513 0.5259562841530054 0.07240437158469941 0.06284153005464482
0 0.4187158469945355 0.5280054644808743 0.06693989071038253 0.0642076502732241
