0 0.31693989071038253 0.2260928961748634 0.06557377049180328 0.07240437158469945
0 0.4200819672131148 0.22814207650273224 0.0642076502732241 0.07923497267759562
0 0.32103825136612024 0.3299180327868853 0.0737704918032787 0.06967213114754099
0 0.42008196721311464 0.3326502732240438 0.06693989071038252 0.06967213114754102
0 0.5710382513661203 0.3278688524590164 0.07103825136612031 0.06557377049180328
0 0.6721311475409837 0.33196721311475413 0.06830601092896167 0.06830601092896174
0 0.6741803278688525 0.4344262295081968 0.07513661202185787 0.06557377049180324
0 0.5689890710382514 0.42964480874316946 0.07786885245901637 0.07240437158469945
0 0.42144808743169404 0.4323770491803279 0.07513661202185794 0.07240437158469952
0 0.4159836065573771 0.5334699453551914 0.06420765027322403 0.06693989071038253
0 0.3142076502732241 0.5280054644808743 0.07103825136612023 0.06693989071038245
0 0.3176229508196722 0.42827868852459017 0.06967213114754102 0.07240437158469952
