0 0.28005464480874315 0.35314207650273227 0.06830601092896177 0.06420765027322403
0 0.3777322404371585 0.3497267759562841 0.06147540983606561 0.06557377049180324
0 0.28210382513661203 0.4474043715846994 0.06967213114754099 0.06967213114754095
0 0.3790983606557377 0.4487704918032787 0.07240437158469945 0.06693989071038253
0 0.5348360655737705 0.444672131147541 0.06967213114754102 0.07513661202185794
0 0.6331967213114754 0.44535519125683065 0.0778688524590163 0.07377049180327866
0 0.6359289617486339 0.5464480874316939 0.07240437158469938 0.06557377049180324
0 0.5362021857923497 0.5450819672131147 0.0642076502732241 0.0655737704918034
0 0.38114754098360654 0.5491803278688525 0.07377049180327873 0.0737704918032788
0 0.2855191256830601 0.5443989071038251 0.07103825136612024 0.07786885245901644
0 0.28893442622950816 0.651639344262295 0.08060109289617483 0.07103825136612031
0 0.38387978142076506 0.6509562841530055 0.07650273224043723 0.06967213114754109
