0 0.3135245901639344 0.34904371584699456 0.06420765027322403 0.0614754098360655
0 0.4132513661202185 0.3524590163934426 0.06693989071038253 0.06284153005464475
0 0.4187158469945355 0.44125683060109294 0.06967213114754095 0.07103825136612016
0 0.31967213114754095 0.4378415300546448 0.0737704918032787 0.07240437158469945
0 0.32103825136612024 0.5409836065573771 0.06557377049180331 0.06557377049180324
0 0.4200819672131148 0.5430327868852458 0.06693989071038253 0.07240437158469945
0 0.5614754098360656 0.4426229508196721 0.07103825136612031 0.06557377049180324
0 0.6659836065573771 0.44398907103825136 0.07786885245901637 0.06284153005464475
0 0.6646174863387978 0.5389344262295083 0.06147540983606561 0.06147540983606561
0 0.566256830601093 0.5409836065573771 0.06693989071038253 0.06557377049180324
0 0.4255464480874317 0.6413934426229508 0.07240437158469945 0.06147540983606561
0 0.32103825136612024 0.6386612021857923 0.07103825136612024 0.06420765027322409
