0 0.3135245901639344 0.3415300546448088 0.06967213114754099 0.06284153005464478
0 0.41530054644808745 0.3415300546448088 0.07377049180327873 0.0710382513661202
0 0.3183060109289617 0.4364754098360656 0.07377049180327873 0.06967213114754102
0 0.4241803278688524 0.4385245901639343 0.0724043715846995 0.07103825136612021
0 0.5717213114754098 0.43920765027322406 0.06147540983606547 0.0642076502732241
0 0.6748633879781419 0.4364754098360656 0.06284153005464475 0.06693989071038253
0 0.6789617486338798 0.5382513661202185 0.07377049180327873 0.06557377049180324
0 0.5737704918032787 0.5416666666666667 0.06284153005464475 0.06147540983606554
0 0.42349726775956287 0.537568306010929 0.07103825136612024 0.06967213114754095
0 0.31967213114754095 0.5362021857923497 0.0737704918032787 0.06967213114754095
0 0.3237704918032787 0.6407103825136612 0.07103825136612024 0.06557377049180331
0 0.4262295081967211 0.6407103825136612 0.07377049180327873 0.06557377049180334
