0 0.30806010928961747 0.22950819672131145 0.07240437158469941 0.07103825136612027
0 0.4098360655737705 0.23360655737704922 0.07923497267759558 0.06284153005464482
0 0.31010928961748635 0.33060109289617484 0.07103825136612016 0.07923497267759569
0 0.41530054644808745 0.3312841530054645 0.06557377049180331 0.06967213114754102
0 0.5594262295081966 0.32650273224043713 0.06967213114754095 0.06010928961748637
0 0.6612021857923496 0.3278688524590163 0.06830601092896157 0.0628415300546447
0 0.3135245901639344 0.4330601092896175 0.06420765027322403 0.06830601092896181
0 0.4187158469945355 0.4364754098360656 0.07513661202185794 0.06420765027322403
0 0.5648907103825137 0.43579234972677594 0.06967213114754095 0.06284153005464482
0 0.6673497267759564 0.4337431693989071 0.06967213114754102 0.0669398907103826
0 0.31420765027322406 0.5368852459016393 0.06557377049180331 0.06830601092896167
0 0.4173497267759563 0.53551912568306 0.06967213114754102 0.06830601092896181
