0 0.3524590163934426 0.33333333333333337 0.06010928961748632 0.057377049180327856
0 0.44672131147540983 0.3326502732240437 0.06557377049180324 0.06420765027322403
0 0.3394808743169399 0.42554644808743164 0.06420765027322407 0.06693989071038253
0 0.43647540983606553 0.42622950819672134 0.06420765027322425 0.06284153005464486
0 0.5710382513661202 0.4275956284153006 0.06284153005464475 0.054644808743169404
0 0.6666666666666667 0.42486338797814205 0.06284153005464482 0.057377049180327905
0 0.6673497267759562 0.5170765027322405 0.058743169398907114 0.053278688524590195
0 0.5737704918032788 0.5184426229508197 0.05191256830601098 0.058743169398907114
0 0.43715846994535523 0.5163934426229508 0.05464480874316942 0.05464480874316948
0 0.3435792349726776 0.51775956284153 0.05601092896174863 0.06010928961748632
0 0.3456284153005464 0.6099726775956283 0.06557377049180324 0.06693989071038246
0 0.4344262295081968 0.6092896174863387 0.0601092896174864 0.057377049180327926
