0 0.29576502732240434 0.22814207650273222 0.06967213114754095 0.07650273224043716
0 0.3975409836065573 0.23019125683060104 0.06557377049180317 0.07513661202185791
0 0.29576502732240434 0.3251366120218579 0.05874316939890708 0.06557377049180331
0 0.3975409836065573 0.3278688524590163 0.06557377049180317 0.06557377049180324
0 0.5403005464480873 0.3258196721311475 0.06147540983606547 0.07240437158469948
0 0.637295081967213 0.32377049180327866 0.06693989071038253 0.06830601092896177
0 0.6434426229508197 0.4221311475409836 0.07923497267759565 0.06557377049180331
0 0.5423497267759562 0.4228142076502731 0.06830601092896174 0.08060109289617486
0 0.3989071038251366 0.4241803278688524 0.07377049180327866 0.06967213114754102
0 0.29576502732240434 0.4241803278688525 0.06967213114754099 0.0642076502732241
0 0.2978142076502732 0.5239071038251365 0.0710382513661202 0.06967213114754095
0 0.3954918032786885 0.5218579234972677 0.06420765027322403 0.07103825136612024
