0 0.3005464480874317 0.3456284153005465 0.06830601092896174 0.06284153005464478
0 0.4016393442622951 0.34494535519125685 0.06284153005464475 0.06420765027322403
0 0.28620218579234974 0.44808743169398907 0.06967213114754102 0.07650273224043698
0 0.3886612021857923 0.44945355191256836 0.07513661202185787 0.06557377049180324
0 0.5416666666666664 0.4453551912568304 0.0696721311475409 0.06557377049180323
0 0.6407103825136612 0.4433060109289617 0.06010928961748647 0.06420765027322403
0 0.6427595628415301 0.5423497267759562 0.06693989071038246 0.0601092896174864
0 0.5437158469945355 0.5437158469945355 0.06284153005464489 0.06010928961748632
0 0.39139344262295084 0.5437158469945355 0.06420765027322403 0.06830601092896181
0 0.2923497267759563 0.5423497267759563 0.06557377049180321 0.06284153005464475
0 0.29166666666666663 0.6427595628415301 0.06967213114754099 0.06693989071038246
0 0.39139344262295084 0.6448087431693988 0.06420765027322403 0.06010928961748625
