0 0.3203551912568306 0.3278688524590164 0.05874316939890715 0.0601092896174864
0 0.4159836065573771 0.3251366120218579 0.06967213114754095 0.06284153005464482
0 0.4187158469945355 0.4200819672131148 0.06420765027322403 0.0642076502732241
0 0.319672131147541 0.4221311475409836 0.06284153005464482 0.06284153005464482
0 0.3237704918032787 0.5163934426229508 0.06284153005464482 0.06284153005464482
0 0.41939890710382516 0.514344262295082 0.06557377049180331 0.0642076502732241
0 0.5676229508196721 0.4200819672131148 0.06967213114754088 0.07513661202185794
0 0.6680327868852458 0.421448087431694 0.06830601092896174 0.06147540983606561
0 0.5689890710382514 0.523224043715847 0.06147540983606554 0.0601092896174864
0 0.6707650273224044 0.5157103825136612 0.06010928961748632 0.06147540983606568
0 0.32786885245901637 0.619535519125683 0.06557377049180328 0.06420765027322403
0 0.4296448087431694 0.6195355191256832 0.07240437158469945 0.06420765027322396
