0 0.2821038251366121 0.2281420765027323 0.06147540983606561 0.06557377049180331
0 0.3831967213114755 0.22814207650273224 0.06967213114754102 0.0737704918032787
0 0.5300546448087434 0.32650273224043724 0.0601092896174864 0.06830601092896177
0 0.6311475409836066 0.3271857923497269 0.06010928961748625 0.06420765027322407
0 0.6311475409836066 0.4262295081967214 0.06284153005464496 0.06284153005464482
0 0.5327868852459017 0.4262295081967214 0.07377049180327873 0.06284153005464482
0 0.38524590163934436 0.32855191256830607 0.06557377049180331 0.06693989071038249
0 0.28142076502732244 0.3292349726775957 0.060109289617486364 0.07103825136612024
0 0.2814207650273224 0.42691256830601093 0.06557377049180328 0.07240437158469931
0 0.38251366120218594 0.42759562841530063 0.06284153005464482 0.06557377049180331
0 0.28073770491803285 0.5280054644808744 0.06967213114754102 0.07513661202185787
0 0.3825136612021858 0.5252732240437161 0.07377049180327871 0.06693989071038255
