0 0.3196721311475409 0.23770491803278687 0.06284153005464482 0.06284153005464478
0 0.41939890710382505 0.24248633879781414 0.06830601092896174 0.06420765027322407
0 0.3251366120218579 0.3381147540983606 0.06557377049180331 0.06147540983606561
0 0.4228142076502732 0.3381147540983606 0.07513661202185794 0.06147540983606561
0 0.5642076502732238 0.3367486338797812 0.06284153005464473 0.06967213114754085
0 0.6632513661202185 0.33743169398907097 0.06967213114754095 0.06557377049180331
0 0.663934426229508 0.430327868852459 0.06557377049180317 0.07650273224043708
0 0.5642076502732238 0.43237704918032777 0.07377049180327866 0.07240437158469938
0 0.3210382513661202 0.42964480874316935 0.07923497267759558 0.06967213114754095
0 0.42349726775956276 0.4316939890710382 0.07923497267759558 0.06830601092896174
0 0.42076502732240423 0.5266393442622951 0.06284153005464481 0.06967213114754146
0 0.3189890710382513 0.526639344262295 0.07240437158469941 0.0669398907103826
