0 0.2827868852459017 0.22540983606557374 0.06284153005464482 0.06557377049180328
0 0.38114754098360654 0.22540983606557374 0.07103825136612031 0.0737704918032787
0 0.27868852459016397 0.3244535519125683 0.07650273224043719 0.06967213114754102
0 0.3818306010928961 0.3217213114754099 0.07240437158469941 0.07513661202185791
0 0.5341530054644806 0.32445355191256814 0.06830601092896166 0.07240437158469921
0 0.6318306010928961 0.3258196721311475 0.07240437158469945 0.07513661202185794
0 0.2807377049180328 0.430327868852459 0.07240437158469948 0.06284153005464482
0 0.38319672131147536 0.42554644808743175 0.06967213114754107 0.07513661202185794
0 0.5314207650273224 0.4241803278688525 0.06557377049180324 0.0642076502732241
0 0.6379781420765027 0.4262295081967213 0.07923497267759565 0.06830601092896181
0 0.27732240437158473 0.5286885245901639 0.07103825136612024 0.06830601092896167
0 0.38387978142076506 0.5280054644808743 0.07103825136612024 0.06967213114754095
